  75, -1.44782,60.48202
  76, -1.02420,60.53815
 114, -1.33130,60.26969
 153, -1.21628,60.05727
 264, -3.32829,59.06800
 294, -6.76840,58.25818
 295, -6.37840,58.32903
 303, -3.20667,58.85713
 304, -2.80395,58.91819
 332, -7.01836,57.97884
 333, -6.63157,58.05037
 337, -5.06999,58.32594
 338, -4.67605,58.39215
 339, -4.28072,58.45729
 340, -3.88401,58.52134
 341, -3.48594,58.58429
 370, -7.26502,57.69905
 371, -6.88140,57.77124
 375, -5.33258,58.04959
 376, -4.94186,58.11654
 377, -4.54975,58.18241
 378, -4.15628,58.24720
 379, -3.76146,58.31091
 380, -3.36530,58.37353
 413, -5.59169,57.77277
 414, -5.20414,57.84042
 415, -4.81522,57.90702
 416, -4.42494,57.97254
 417, -4.03331,58.03699
 418, -3.64036,58.10036
 447, -7.37129,57.21166
 449, -6.61214,57.35562
 450, -6.23047,57.42606
 451, -5.84741,57.49546
 452, -5.46298,57.56381
 453, -5.07719,57.63112
 454, -4.69005,57.69737
 455, -4.30158,57.76255
 489, -6.09979,57.21767
 490, -5.71844,57.28672
 491, -5.33573,57.35473
 492, -4.95169,57.42169
 493, -4.56633,57.48760
 494, -4.17965,57.55245
 495, -3.79167,57.61623
 496, -3.40240,57.67894
 529, -5.59093,57.07786
 530, -5.20993,57.14552
 531, -4.82762,57.21214
 532, -4.44401,57.27771
 533, -4.05911,57.34223
 534, -3.67293,57.40568
 535, -3.28549,57.46806
 536, -2.89680,57.52937
 537, -2.50687,57.58959
 538, -2.11572,57.64873
 567, -5.84283,56.80051
 568, -5.46484,56.86887
 569, -5.08554,56.93619
 570, -4.70496,57.00247
 571, -4.32309,57.06771
 572, -3.93995,57.13189
 573, -3.55555,57.19501
 574, -3.16991,57.25707
 575, -2.78305,57.31806
 576, -2.39497,57.37798
 577, -2.00569,57.43680
 605, -6.09150,56.52271
 606, -5.71648,56.59174
 607, -5.34015,56.65975
 608, -4.96255,56.72673
 609, -4.58366,56.79268
 610, -4.20352,56.85759
 611, -3.82213,56.92144
 612, -3.43951,56.98424
 613, -3.05566,57.04598
 614, -2.67060,57.10666
 615, -2.28436,57.16626
 644, -5.96491,56.31415
 645, -5.59152,56.38284
 646, -5.21685,56.45051
 647, -4.84091,56.51716
 648, -4.46372,56.58278
 649, -4.08529,56.64735
 650, -3.70564,56.71088
 651, -3.32477,56.77337
 652, -2.94269,56.83479
 653, -2.55944,56.89515
 654, -2.17500,56.95445
 684, -5.46792,56.17381
 685, -5.09489,56.24115
 686, -4.72061,56.30746
 687, -4.34510,56.37275
 688, -3.96838,56.43700
 689, -3.59044,56.50022
 690, -3.21131,56.56238
 691, -2.83100,56.62350
 692, -2.44952,56.68355
 721, -6.08476,55.82762
 723, -5.34566,55.96466
 724, -4.97426,56.03167
 725, -4.60163,56.09766
 726, -4.22779,56.16262
 727, -3.85275,56.22655
 728, -3.47652,56.28945
 729, -3.09911,56.35130
 761, -5.59329,55.68771
 762, -5.22472,55.75540
 763, -4.85493,55.82207
 764, -4.48394,55.88774
 765, -4.11175,55.95238
 766, -3.73838,56.01599
 767, -3.36384,56.07857
 795, -7.28871,55.12700
 796, -6.92785,55.19930
 800, -5.47206,55.47865
 801, -5.10507,55.54601
 802, -4.73688,55.61236
 803, -4.36751,55.67770
 804, -3.99696,55.74203
 805, -3.62525,55.80532
 806, -3.25239,55.86760
 807, -2.87840,55.92883
 808, -2.50328,55.98903
 832, -7.87622,54.77271
 833, -7.51932,54.84659
 834, -7.16117,54.91951
 835, -6.80180,54.99146
 836, -6.44119,55.06244
 837, -6.07937,55.13243
 841, -4.62009,55.40254
 842, -4.25233,55.46756
 843, -3.88341,55.53157
 844, -3.51335,55.59456
 845, -3.14215,55.65652
 846, -2.76984,55.71745
 847, -2.39642,55.77735
 870, -8.10130,54.49129
 871, -7.74711,54.56577
 872, -7.39165,54.63930
 873, -7.03495,54.71187
 874, -6.67704,54.78349
 875, -6.31792,54.85413
 876, -5.95760,54.92380
 879, -4.86955,55.12690
 880, -4.50453,55.19261
 881, -4.13836,55.25731
 882, -3.77106,55.32101
 883, -3.40263,55.38369
 884, -3.03309,55.44535
 885, -2.66245,55.50598
 886, -2.29072,55.56558
 887, -1.91791,55.62414
 909, -7.97210,54.28456
 910, -7.61932,54.35869
 911, -7.26527,54.43188
 912, -6.91002,54.50411
 913, -6.55356,54.57539
 914, -6.19592,54.64570
 915, -5.83710,54.71504
 918, -4.75363,54.91717
 919, -4.39018,54.98257
 920, -4.02560,55.04696
 921, -3.65990,55.11035
 922, -3.29310,55.17272
 923, -2.92519,55.23408
 924, -2.55621,55.29441
 925, -2.18615,55.35372
 926, -1.81503,55.41199
 949, -7.49280,54.15147
 950, -7.14017,54.22432
 951, -6.78635,54.29623
 952, -6.43134,54.36717
 953, -6.07516,54.43715
 954, -5.71782,54.50617
 959, -3.91402,54.83650
 960, -3.54991,54.89959
 961, -3.18471,54.96166
 962, -2.81843,55.02272
 963, -2.45109,55.08276
 964, -2.08269,55.14177
 965, -1.71326,55.19975
 990, -6.66392,54.08821
 991, -6.31035,54.15883
 992, -5.95563,54.22849
 993, -5.59977,54.29718
 999, -3.44106,54.68872
1000, -3.07746,54.75050
1001, -2.71280,54.81126
1002, -2.34708,54.87101
1003, -1.98033,54.92973
1004, -1.61256,54.98743
1035, -4.41302,54.28735
1038, -3.33334,54.47777
1039, -2.97132,54.53924
1040, -2.60826,54.59971
1041, -2.24416,54.65917
1042, -1.87904,54.71761
1043, -1.51292,54.77503
1077, -3.22673,54.26672
1078, -2.86628,54.32790
1079, -2.50480,54.38808
1080, -2.14231,54.44725
1081, -1.77881,54.50541
1082, -1.41432,54.56255
1083, -1.04885,54.61867
1117, -2.76231,54.11646
1118, -2.40241,54.17636
1119, -2.04150,54.23524
1120, -1.67961,54.29313
1121, -1.31674,54.34999
1122, -0.95291,54.40583
1123, -0.58813,54.46066
1155, -3.01674,53.84433
1156, -2.65939,53.90494
1157, -2.30105,53.96455
1158, -1.94173,54.02316
1159, -1.58143,54.08076
1160, -1.22017,54.13735
1161, -0.85796,54.19292
1162, -0.49482,54.24748
1190, -4.32653,53.38191
1194, -2.91333,53.63301
1195, -2.55752,53.69333
1196, -2.20073,53.75265
1197, -1.84297,53.81098
1198, -1.48425,53.86831
1199, -1.12459,53.92463
1200, -0.76399,53.97994
1201, -0.40247,54.03424
1229, -4.21820,53.17166
1230, -3.86789,53.23560
1231, -3.51657,53.29857
1232, -3.16425,53.36057
1233, -2.81094,53.42159
1234, -2.45666,53.48163
1235, -2.10141,53.54068
1236, -1.74520,53.59873
1237, -1.38805,53.65579
1238, -1.02997,53.71184
1239, -0.67097,53.76689
1240, -0.31106,53.82092
1267, -4.45879,52.89671
1268, -4.11094,52.96132
1269, -3.76208,53.02496
1270, -3.41222,53.08764
1271, -3.06139,53.14935
1272, -2.70958,53.21009
1273, -2.35680,53.26985
1274, -2.00308,53.32862
1275, -1.64841,53.38640
1276, -1.29282,53.44319
1277, -0.93631,53.49898
1278, -0.57889,53.55376
1279, -0.22058,53.60754
1307, -4.00471,52.75087
1308, -3.65729,52.81423
1309, -3.30890,52.87662
1310, -2.95953,52.93805
1311, -2.60920,52.99850
1312, -2.25793,53.05798
1313, -1.90572,53.11648
1314, -1.55258,53.17399
1315, -1.19853,53.23051
1316, -0.84358,53.28604
1317, -0.48774,53.34056
1318, -0.13101,53.39408
1346, -3.89951,52.54034
1347, -3.55352,52.60340
1348, -3.20657,52.66551
1349, -2.85866,52.72666
1350, -2.50981,52.78683
1351, -2.16003,52.84604
1352, -1.80932,52.90426
1353, -1.45770,52.96151
1354, -1.10518,53.01777
1355, -0.75177,53.07303
1356, -0.39749,53.12730
1357, -0.04234,53.18057
1358,  0.31367,53.23283
1384, -4.13891,52.26598
1385, -3.79531,52.32971
1386, -3.45074,52.39249
1387, -3.10522,52.45432
1388, -2.75877,52.51518
1389, -2.41138,52.57508
1390, -2.06307,52.63401
1391, -1.71386,52.69197
1392, -1.36375,52.74895
1393, -1.01275,52.80494
1394, -0.66087,52.85995
1395, -0.30813,52.91397
1396,  0.04546,52.96698
1420, -5.05517,51.85958
1421, -4.71585,51.92584
1422, -4.37556,51.99116
1423, -4.03430,52.05555
1424, -3.69209,52.11899
1425, -3.34894,52.18149
1426, -3.00485,52.24303
1427, -2.65983,52.30362
1428, -2.31390,52.36325
1429, -1.96706,52.42191
1430, -1.61932,52.47960
1431, -1.27070,52.53632
1432, -0.92121,52.59205
1433, -0.57086,52.64680
1434, -0.21965,52.70057
1435,  0.13240,52.75334
1436,  0.48527,52.80511
1437,  0.83895,52.85588
1438,  1.19344,52.90564
1459, -4.94746,51.64993
1460, -4.60949,51.71589
1461, -4.27055,51.78093
1462, -3.93067,51.84502
1463, -3.58985,51.90818
1464, -3.24810,51.97040
1465, -2.90542,52.03167
1466, -2.56183,52.09198
1467, -2.21734,52.15134
1468, -1.87196,52.20973
1469, -1.52569,52.26715
1470, -1.17856,52.32361
1471, -0.83056,52.37909
1472, -0.48171,52.43359
1473, -0.13203,52.48710
1474,  0.21848,52.53963
1475,  0.56981,52.59116
1476,  0.92193,52.64169
1477,  1.27485,52.69122
1478,  1.62854,52.73975
1501, -3.82801,51.63441
1502, -3.48857,51.69728
1503, -3.14820,51.75922
1504, -2.80693,51.82021
1505, -2.46476,51.88026
1506, -2.12171,51.93935
1507, -1.77777,51.99747
1508, -1.43296,52.05464
1509, -1.08729,52.11084
1510, -0.74078,52.16606
1511, -0.39343,52.22031
1512, -0.04526,52.27357
1513,  0.30373,52.32586
1514,  0.65352,52.37715
1515,  1.00410,52.42744
1516,  1.35546,52.47674
1517,  1.70758,52.52504
1541, -3.38822,51.48630
1542, -3.04924,51.54796
1543, -2.70937,51.60868
1544, -2.36860,51.66846
1545, -2.02697,51.72728
1546, -1.68446,51.78514
1547, -1.34110,51.84205
1548, -0.99690,51.89799
1549, -0.65186,51.95296
1550, -0.30599,52.00696
1551,  0.04069,52.05998
1552,  0.38816,52.11202
1553,  0.73643,52.16307
1554,  1.08548,52.21314
1555,  1.43529,52.26221
1578, -3.96133,51.14966
1579, -3.62551,51.21291
1581, -2.95119,51.33662
1582, -2.61270,51.39707
1583, -2.27334,51.45658
1584, -1.93311,51.51513
1585, -1.59203,51.57274
1586, -1.25011,51.62939
1587, -0.90735,51.68507
1588, -0.56377,51.73980
1589, -0.21938,51.79355
1590,  0.12581,51.84633
1591,  0.47179,51.89813
1592,  0.81855,51.94895
1593,  1.16607,51.99878
1615, -4.52639,50.81036
1616, -4.19371,50.87517
1617, -3.86013,50.93906
1618, -3.52565,51.00204
1619, -3.19029,51.06408
1620, -2.85404,51.12520
1621, -2.51693,51.18538
1622, -2.17895,51.24462
1623, -1.84013,51.30292
1624, -1.50046,51.36026
1625, -1.15997,51.41666
1626, -0.81865,51.47210
1627, -0.47652,51.52657
1628, -0.13359,51.58008
1629,  0.21013,51.63261
1630,  0.55462,51.68418
1631,  0.89988,51.73476
1653, -4.75395,50.53479
1654, -4.42348,50.60023
1655, -4.09211,50.66476
1656, -3.75984,50.72838
1657, -3.42669,50.79108
1658, -3.09267,50.85285
1659, -2.75778,50.91370
1660, -2.42203,50.97361
1661, -2.08544,51.03259
1662, -1.74800,51.09063
1663, -1.40974,51.14772
1664, -1.07066,51.20386
1665, -0.73077,51.25904
1666, -0.39008,51.31327
1667, -0.04860,51.36654
1668,  0.29365,51.41884
1669,  0.63667,51.47017
1690, -5.30637,50.19184
1691, -4.97897,50.25880
1692, -4.65068,50.32486
1693, -4.32149,50.39001
1694, -3.99141,50.45427
1695, -3.66045,50.51761
1698, -2.66239,50.70212
1699, -2.32800,50.76177
1700, -1.99277,50.82048
1701, -1.65672,50.87827
1702, -1.31985,50.93510
1703, -0.98217,50.99099
1704, -0.64370,51.04593
1705, -0.30443,51.09992
1706,  0.03560,51.15294
1707,  0.37640,51.20501
1708,  0.71796,51.25610
1709,  1.06026,51.30623
1741, -1.23077,50.72242
1742, -0.89449,50.77806
1743, -0.55742,50.83276
1744, -0.21958,50.88650
1745,  0.11903,50.93929
1746,  0.45839,50.99112
1747,  0.79849,51.04198
1748,  1.13933,51.09188
